weights vs weights
[[ 0.   -0.04 -0.9   0.56 -0.38  0.34  0.1  -0.66]
 [ 0.04  0.   -0.12 -0.22 -0.52  0.18  0.3  -0.04]
 [ 0.9   0.12  0.    0.34  0.12  0.96  0.58  0.28]
 [-0.56  0.22 -0.34  0.   -0.26  0.32  0.18  0.06]
 [ 0.38  0.52 -0.12  0.26  0.    0.48  0.5  -0.12]
 [-0.34 -0.18 -0.96 -0.32 -0.48  0.   -0.22 -0.86]
 [-0.1  -0.3  -0.58 -0.18 -0.5   0.22  0.   -0.44]
 [ 0.66  0.04 -0.28 -0.06  0.12  0.86  0.44  0.  ]]


weights vs weights_2
[[ 0.88  0.32  0.32  0.24  0.92 -0.08  0.   -0.8 ]
 [ 0.84  0.28  0.56  0.44  0.64  0.08  0.52 -0.44]
 [ 0.16  0.6  -0.36  0.52  0.36  0.04  0.12 -0.08]
 [ 0.8   0.48  0.28  0.2   0.84  0.24 -0.2  -0.44]
 [ 0.8   0.48  0.44  0.64  0.68  0.24  0.4   0.04]
 [ 0.12 -0.32 -0.28 -0.12  0.08 -0.28 -0.4  -0.72]
 [ 0.84  0.32  0.8   0.24  0.76 -0.4  -0.48 -0.76]
 [ 0.2   0.6   0.44  0.32 -0.28 -0.16 -0.12 -0.44]]
mean:  0.186875
つまり，weightsの方が強そう.


weights_1 vs weights_2
 [[ 0.04 -0.44 -0.64 -0.56  0.   -0.6  -0.6  -0.96]
  [ 0.24 -0.48 -0.44 -0.4   0.52 -0.6  -0.72 -0.72]
  [ 0.12 -0.32 -0.68  0.04  0.44  0.12 -0.52 -0.36]
  [-0.04 -0.04 -0.44  0.36  0.24 -0.04  0.24 -0.72]
  [-0.04  0.16 -0.36 -0.32  0.28 -0.4  -0.08 -0.48]
  [ 0.04  0.28 -0.12 -0.28  0.2  -0.2   0.04 -0.72]
  [ 0.72 -0.16  0.4   0.04  0.72 -0.48 -0.48 -0.52]
  [ 0.64  0.44  0.4  -0.04  0.04  0.    0.   -0.04]]
 mean:  -0.12937500000000002
つまり，weights_2の方が強そう

weights_2 vs weights_3
[[-0.08  0.   -0.28 -0.44  0.08 -0.52 -0.48 -0.32]
 [ 0.32  0.36  0.4   0.08  0.48  0.04  0.44 -0.52]
 [ 0.72  0.6   0.    0.    0.48 -0.04  0.4  -0.04]
 [ 0.44  0.68  0.24 -0.24  0.44  0.48  0.36 -0.08]
 [-0.12  0.24 -0.04 -0.44  0.44 -0.08  0.04 -0.4 ]
 [ 0.6   0.48  0.36  0.36  0.36  0.2   0.4  -0.04]
 [ 0.56  0.08  0.    0.6   0.76  0.    0.68 -0.2 ]
 [-0.08 -0.16 -0.72  0.6  -0.2  -0.08 -0.08 -0.8 ]]
mean:  0.114375
つまり，weights_2の方が強そう．
ただし，以前最強の座についていたweights2[7]がめっちゃ負けている．
また，weights2[4]も強く対策された感じかな．
勝率0を0.2に上げる方が楽ってのも原因かなぁ?
bias項を追加した影響もあるかも．

vs random
weights: [0.96 1.   1.   0.88 0.96 0.72 0.84 1.  ]
weights_1: [[-0.08  0.64  0.36  0.36  0.24  0.68  0.6   0.92]
weights_2:  [ 0.    0.4   0.6   0.48  0.2   0.76  0.56  0.92]]
 0.92 [0.465 0.49 ]
こちらでも，weights_1でいったん弱くなった後にweights_2で強くなっているのがわかる．
ただ，さすがに固定相手で学習させた方が有利なのは明らか．
